3992.50870	0.01945
3988.65120	0.01947
3984.79371	0.01951
3980.93621	0.01955
3977.07871	0.01957
3973.22122	0.01958
3969.36372	0.01960
3965.50623	0.01965
3961.64873	0.01972
3957.79123	0.01978
3953.93374	0.01981
3950.07624	0.01982
3946.21874	0.01982
3942.36125	0.01984
3938.50375	0.01985
3934.64625	0.01984
3930.78876	0.01987
3926.93126	0.01990
3923.07377	0.01991
3919.21627	0.01997
3915.35877	0.02005
3911.50128	0.02003
3907.64378	0.02000
3903.78628	0.02007
3899.92879	0.02018
3896.07129	0.02020
3892.21380	0.02017
3888.35630	0.02016
3884.49880	0.02017
3880.64131	0.02020
3876.78381	0.02025
3872.92631	0.02032
3869.06882	0.02037
3865.21132	0.02040
3861.35382	0.02042
3857.49633	0.02044
3853.63883	0.02050
3849.78134	0.02054
3845.92384	0.02052
3842.06634	0.02053
3838.20885	0.02057
3834.35135	0.02059
3830.49385	0.02059
3826.63636	0.02061
3822.77886	0.02074
3818.92137	0.02092
3815.06387	0.02093
3811.20637	0.02080
3807.34888	0.02075
3803.49138	0.02084
3799.63388	0.02090
3795.77639	0.02087
3791.91889	0.02084
3788.06139	0.02087
3784.20390	0.02094
3780.34640	0.02101
3776.48891	0.02104
3772.63141	0.02105
3768.77391	0.02107
3764.91642	0.02107
3761.05892	0.02106
3757.20142	0.02111
3753.34393	0.02120
3749.48643	0.02127
3745.62893	0.02132
3741.77144	0.02128
3737.91394	0.02121
3734.05645	0.02125
3730.19895	0.02136
3726.34145	0.02140
3722.48396	0.02141
3718.62646	0.02143
3714.76896	0.02149
3710.91147	0.02152
3707.05397	0.02149
3703.19648	0.02148
3699.33898	0.02153
3695.48148	0.02158
3691.62399	0.02165
3687.76649	0.02170
3683.90899	0.02170
3680.05150	0.02172
3676.19400	0.02183
3672.33650	0.02194
3668.47901	0.02196
3664.62151	0.02190
3660.76402	0.02186
3656.90652	0.02188
3653.04902	0.02200
3649.19153	0.02214
3645.33403	0.02218
3641.47653	0.02215
3637.61904	0.02213
3633.76154	0.02214
3629.90404	0.02222
3626.04655	0.02230
3622.18905	0.02231
3618.33156	0.02234
3614.47406	0.02244
3610.61656	0.02252
3606.75907	0.02252
3602.90157	0.02250
3599.04407	0.02251
3595.18658	0.02256
3591.32908	0.02264
3587.47159	0.02270
3583.61409	0.02271
3579.75659	0.02272
3575.89910	0.02276
3572.04160	0.02283
3568.18410	0.02293
3564.32661	0.02298
3560.46911	0.02294
3556.61161	0.02292
3552.75412	0.02299
3548.89662	0.02310
3545.03913	0.02315
3541.18163	0.02319
3537.32413	0.02324
3533.46664	0.02330
3529.60914	0.02332
3525.75164	0.02331
3521.89415	0.02333
3518.03665	0.02339
3514.17916	0.02345
3510.32166	0.02351
3506.46416	0.02354
3502.60667	0.02353
3498.74917	0.02353
3494.89167	0.02357
3491.03418	0.02364
3487.17668	0.02370
3483.31918	0.02376
3479.46169	0.02384
3475.60419	0.02391
3471.74670	0.02394
3467.88920	0.02396
3464.03170	0.02401
3460.17421	0.02407
3456.31671	0.02413
3452.45921	0.02419
3448.60172	0.02427
3444.74422	0.02430
3440.88672	0.02429
3437.02923	0.02428
3433.17173	0.02433
3429.31424	0.02441
3425.45674	0.02448
3421.59924	0.02454
3417.74175	0.02457
3413.88425	0.02458
3410.02675	0.02461
3406.16926	0.02465
3402.31176	0.02463
3398.45427	0.02462
3394.59677	0.02467
3390.73927	0.02480
3386.88178	0.02495
3383.02428	0.02504
3379.16678	0.02504
3375.30929	0.02500
3371.45179	0.02499
3367.59429	0.02504
3363.73680	0.02512
3359.87930	0.02520
3356.02181	0.02522
3352.16431	0.02521
3348.30681	0.02522
3344.44932	0.02527
3340.59182	0.02534
3336.73432	0.02544
3332.87683	0.02553
3329.01933	0.02557
3325.16184	0.02560
3321.30434	0.02562
3317.44684	0.02564
3313.58935	0.02567
3309.73185	0.02569
3305.87435	0.02571
3302.01686	0.02574
3298.15936	0.02577
3294.30186	0.02582
3290.44437	0.02591
3286.58687	0.02602
3282.72938	0.02607
3278.87188	0.02606
3275.01438	0.02606
3271.15689	0.02612
3267.29939	0.02622
3263.44189	0.02628
3259.58440	0.02630
3255.72690	0.02634
3251.86940	0.02637
3248.01191	0.02637
3244.15441	0.02640
3240.29692	0.02646
3236.43942	0.02652
3232.58192	0.02655
3228.72443	0.02659
3224.86693	0.02663
3221.00943	0.02668
3217.15194	0.02676
3213.29444	0.02683
3209.43695	0.02686
3205.57945	0.02689
3201.72195	0.02697
3197.86446	0.02706
3194.00696	0.02709
3190.14946	0.02706
3186.29197	0.02706
3182.43447	0.02712
3178.57697	0.02720
3174.71948	0.02728
3170.86198	0.02736
3167.00449	0.02742
3163.14699	0.02744
3159.28949	0.02743
3155.43200	0.02741
3151.57450	0.02742
3147.71700	0.02744
3143.85951	0.02749
3140.00201	0.02753
3136.14451	0.02758
3132.28702	0.02764
3128.42952	0.02767
3124.57203	0.02766
3120.71453	0.02766
3116.85703	0.02773
3112.99954	0.02783
3109.14204	0.02793
3105.28454	0.02801
3101.42705	0.02803
3097.56955	0.02804
3093.71206	0.02806
3089.85456	0.02809
3085.99706	0.02813
3082.13957	0.02817
3078.28207	0.02821
3074.42457	0.02828
3070.56708	0.02834
3066.70958	0.02840
3062.85208	0.02848
3058.99459	0.02853
3055.13709	0.02853
3051.27960	0.02851
3047.42210	0.02852
3043.56460	0.02855
3039.70711	0.02861
3035.84961	0.02868
3031.99211	0.02879
3028.13462	0.02892
3024.27712	0.02898
3020.41963	0.02894
3016.56213	0.02887
3012.70463	0.02888
3008.84714	0.02897
3004.98964	0.02904
3001.13214	0.02906
2997.27465	0.02907
2993.41715	0.02911
2989.55965	0.02917
2985.70216	0.02923
2981.84466	0.02927
2977.98717	0.02934
2974.12967	0.02944
2970.27217	0.02958
2966.41468	0.02972
2962.55718	0.02986
2958.69968	0.02998
2954.84219	0.03010
2950.98469	0.03021
2947.12719	0.03029
2943.26970	0.03038
2939.41220	0.03051
2935.55471	0.03064
2931.69721	0.03074
2927.83971	0.03086
2923.98222	0.03096
2920.12472	0.03100
2916.26722	0.03106
2912.40973	0.03123
2908.55223	0.03142
2904.69474	0.03151
2900.83724	0.03153
2896.97974	0.03155
2893.12225	0.03159
2889.26475	0.03161
2885.40725	0.03160
2881.54976	0.03162
2877.69226	0.03170
2873.83476	0.03179
2869.97727	0.03185
2866.11977	0.03188
2862.26228	0.03194
2858.40478	0.03205
2854.54728	0.03216
2850.68979	0.03221
2846.83229	0.03225
2842.97479	0.03230
2839.11730	0.03229
2835.25980	0.03227
2831.40231	0.03228
2827.54481	0.03231
2823.68731	0.03231
2819.82982	0.03232
2815.97232	0.03236
2812.11482	0.03241
2808.25733	0.03247
2804.39983	0.03252
2800.54233	0.03255
2796.68484	0.03256
2792.82734	0.03257
2788.96985	0.03262
2785.11235	0.03268
2781.25485	0.03274
2777.39736	0.03278
2773.53986	0.03282
2769.68236	0.03287
2765.82487	0.03295
2761.96737	0.03302
2758.10987	0.03306
2754.25238	0.03307
2750.39488	0.03309
2746.53739	0.03312
2742.67989	0.03317
2738.82239	0.03324
2734.96490	0.03333
2731.10740	0.03342
2727.24990	0.03349
2723.39241	0.03355
2719.53491	0.03361
2715.67742	0.03368
2711.81992	0.03375
2707.96242	0.03379
2704.10493	0.03383
2700.24743	0.03389
2696.38993	0.03394
2692.53244	0.03398
2688.67494	0.03404
2684.81744	0.03411
2680.95995	0.03419
2677.10245	0.03425
2673.24496	0.03432
2669.38746	0.03439
2665.52996	0.03446
2661.67247	0.03451
2657.81497	0.03456
2653.95747	0.03460
2650.09998	0.03464
2646.24248	0.03471
2642.38498	0.03479
2638.52749	0.03484
2634.66999	0.03488
2630.81250	0.03495
2626.95500	0.03505
2623.09750	0.03513
2619.24001	0.03519
2615.38251	0.03523
2611.52501	0.03528
2607.66752	0.03536
2603.81002	0.03544
2599.95253	0.03551
2596.09503	0.03557
2592.23753	0.03564
2588.38004	0.03570
2584.52254	0.03576
2580.66504	0.03582
2576.80755	0.03587
2572.95005	0.03593
2569.09255	0.03599
2565.23506	0.03607
2561.37756	0.03615
2557.52007	0.03621
2553.66257	0.03627
2549.80507	0.03633
2545.94758	0.03640
2542.09008	0.03648
2538.23258	0.03654
2534.37509	0.03661
2530.51759	0.03670
2526.66010	0.03677
2522.80260	0.03682
2518.94510	0.03687
2515.08761	0.03692
2511.23011	0.03700
2507.37261	0.03708
2503.51512	0.03717
2499.65762	0.03724
2495.80012	0.03730
2491.94263	0.03736
2488.08513	0.03745
2484.22764	0.03754
2480.37014	0.03761
2476.51264	0.03767
2472.65515	0.03774
2468.79765	0.03781
2464.94015	0.03789
2461.08266	0.03798
2457.22516	0.03806
2453.36766	0.03813
2449.51017	0.03818
2445.65267	0.03823
2441.79518	0.03831
2437.93768	0.03840
2434.08018	0.03849
2430.22269	0.03857
2426.36519	0.03864
2422.50769	0.03870
2418.65020	0.03878
2414.79270	0.03888
2410.93521	0.03898
2407.07771	0.03904
2403.22021	0.03909
2399.36272	0.03914
2395.50522	0.03920
2391.64772	0.03929
2387.79023	0.03938
2383.93273	0.03942
2380.07523	0.03943
2376.21774	0.03945
2372.36024	0.03957
2368.50275	0.03975
2364.64525	0.03984
2360.78775	0.03987
2356.93026	0.03996
2353.07276	0.04000
2349.21526	0.03999
2345.35777	0.04004
2341.50027	0.04021
2337.64277	0.04033
2333.78528	0.04039
2329.92778	0.04047
2326.07029	0.04056
2322.21279	0.04068
2318.35529	0.04080
2314.49780	0.04091
2310.64030	0.04101
2306.78280	0.04109
2302.92531	0.04117
2299.06781	0.04124
2295.21032	0.04132
2291.35282	0.04145
2287.49532	0.04158
2283.63783	0.04167
2279.78033	0.04173
2275.92283	0.04180
2272.06534	0.04187
2268.20784	0.04195
2264.35034	0.04205
2260.49285	0.04215
2256.63535	0.04225
2252.77786	0.04235
2248.92036	0.04245
2245.06286	0.04255
2241.20537	0.04264
2237.34787	0.04270
2233.49037	0.04278
2229.63288	0.04288
2225.77538	0.04297
2221.91789	0.04304
2218.06039	0.04311
2214.20289	0.04319
2210.34540	0.04329
2206.48790	0.04339
2202.63040	0.04348
2198.77291	0.04356
2194.91541	0.04367
2191.05791	0.04377
2187.20042	0.04385
2183.34292	0.04394
2179.48543	0.04404
2175.62793	0.04413
2171.77043	0.04421
2167.91294	0.04430
2164.05544	0.04437
2160.19794	0.04446
2156.34045	0.04458
2152.48295	0.04471
2148.62545	0.04482
2144.76796	0.04492
2140.91046	0.04502
2137.05297	0.04510
2133.19547	0.04517
2129.33797	0.04527
2125.48048	0.04537
2121.62298	0.04548
2117.76548	0.04560
2113.90799	0.04569
2110.05049	0.04577
2106.19300	0.04586
2102.33550	0.04595
2098.47800	0.04605
2094.62051	0.04615
2090.76301	0.04625
2086.90551	0.04635
2083.04802	0.04645
2079.19052	0.04655
2075.33302	0.04664
2071.47553	0.04674
2067.61803	0.04686
2063.76054	0.04697
2059.90304	0.04706
2056.04554	0.04714
2052.18805	0.04723
2048.33055	0.04733
2044.47305	0.04745
2040.61556	0.04755
2036.75806	0.04764
2032.90057	0.04775
2029.04307	0.04787
2025.18557	0.04799
2021.32808	0.04808
2017.47058	0.04815
2013.61308	0.04824
2009.75559	0.04837
2005.89809	0.04848
2002.04059	0.04857
1998.18310	0.04866
1994.32560	0.04876
1990.46811	0.04888
1986.61061	0.04901
1982.75311	0.04912
1978.89562	0.04924
1975.03812	0.04935
1971.18062	0.04946
1967.32313	0.04959
1963.46563	0.04974
1959.60813	0.04987
1955.75064	0.04998
1951.89314	0.05008
1948.03565	0.05019
1944.17815	0.05031
1940.32065	0.05042
1936.46316	0.05051
1932.60566	0.05058
1928.74816	0.05067
1924.89067	0.05077
1921.03317	0.05088
1917.17568	0.05099
1913.31818	0.05110
1909.46068	0.05123
1905.60319	0.05133
1901.74569	0.05143
1897.88819	0.05155
1894.03070	0.05169
1890.17320	0.05184
1886.31570	0.05198
1882.45821	0.05209
1878.60071	0.05220
1874.74322	0.05231
1870.88572	0.05243
1867.02822	0.05257
1863.17073	0.05268
1859.31323	0.05276
1855.45573	0.05284
1851.59824	0.05292
1847.74074	0.05301
1843.88324	0.05312
1840.02575	0.05324
1836.16825	0.05335
1832.31076	0.05348
1828.45326	0.05363
1824.59576	0.05379
1820.73827	0.05391
1816.88077	0.05403
1813.02327	0.05416
1809.16578	0.05430
1805.30828	0.05444
1801.45079	0.05459
1797.59329	0.05472
1793.73579	0.05484
1789.87830	0.05495
1786.02080	0.05504
1782.16330	0.05516
1778.30581	0.05529
1774.44831	0.05544
1770.59081	0.05562
1766.73332	0.05578
1762.87582	0.05597
1759.01833	0.05626
1755.16083	0.05661
1751.30333	0.05704
1747.44584	0.05750
1743.58834	0.05781
1739.73084	0.05798
1735.87335	0.05811
1732.01585	0.05822
1728.15836	0.05827
1724.30086	0.05831
1720.44336	0.05844
1716.58587	0.05870
1712.72837	0.05896
1708.87087	0.05911
1705.01338	0.05923
1701.15588	0.05937
1697.29838	0.05957
1693.44089	0.05970
1689.58339	0.05975
1685.72590	0.05988
1681.86840	0.06011
1678.01090	0.06030
1674.15341	0.06046
1670.29591	0.06067
1666.43841	0.06089
1662.58092	0.06108
1658.72342	0.06123
1654.86592	0.06141
1651.00843	0.06171
1647.15093	0.06197
1643.29344	0.06213
1639.43594	0.06227
1635.57844	0.06251
1631.72095	0.06271
1627.86345	0.06282
1624.00595	0.06294
1620.14846	0.06309
1616.29096	0.06326
1612.43347	0.06345
1608.57597	0.06373
1604.71847	0.06411
1600.86098	0.06441
1597.00348	0.06449
1593.14598	0.06453
1589.28849	0.06466
1585.43099	0.06481
1581.57349	0.06489
1577.71600	0.06491
1573.85850	0.06496
1570.00101	0.06502
1566.14351	0.06507
1562.28601	0.06515
1558.42852	0.06538
1554.57102	0.06563
1550.71352	0.06576
1546.85603	0.06586
1542.99853	0.06606
1539.14104	0.06635
1535.28354	0.06653
1531.42604	0.06666
1527.56855	0.06678
1523.71105	0.06693
1519.85355	0.06712
1515.99606	0.06727
1512.13856	0.06742
1508.28106	0.06772
1504.42357	0.06809
1500.56607	0.06853
1496.70858	0.06932
1492.85108	0.07002
1488.99358	0.07002
1485.13609	0.06964
1481.27859	0.06947
1477.42109	0.06965
1473.56360	0.07023
1469.70610	0.07097
1465.84860	0.07159
1461.99111	0.07221
1458.13361	0.07314
1454.27612	0.07417
1450.41862	0.07453
1446.56112	0.07435
1442.70363	0.07406
1438.84613	0.07387
1434.98863	0.07376
1431.13114	0.07365
1427.27364	0.07357
1423.41615	0.07354
1419.55865	0.07361
1415.70115	0.07373
1411.84366	0.07383
1407.98616	0.07394
1404.12866	0.07407
1400.27117	0.07426
1396.41367	0.07453
1392.55617	0.07484
1388.69868	0.07515
1384.84118	0.07554
1380.98369	0.07596
1377.12619	0.07632
1373.26869	0.07656
1369.41120	0.07667
1365.55370	0.07675
1361.69620	0.07683
1357.83871	0.07689
1353.98121	0.07694
1350.12371	0.07706
1346.26622	0.07720
1342.40872	0.07732
1338.55123	0.07743
1334.69373	0.07760
1330.83623	0.07782
1326.97874	0.07805
1323.12124	0.07827
1319.26374	0.07850
1315.40625	0.07878
1311.54875	0.07907
1307.69126	0.07935
1303.83376	0.07959
1299.97626	0.07980
1296.11877	0.07996
1292.26127	0.08013
1288.40377	0.08033
1284.54628	0.08057
1280.68878	0.08084
1276.83128	0.08112
1272.97379	0.08137
1269.11629	0.08161
1265.25880	0.08188
1261.40130	0.08218
1257.54380	0.08249
1253.68631	0.08287
1249.82881	0.08339
1245.97131	0.08403
1242.11382	0.08470
1238.25632	0.08532
1234.39883	0.08585
1230.54133	0.08629
1226.68383	0.08664
1222.82634	0.08690
1218.96884	0.08712
1215.11134	0.08737
1211.25385	0.08763
1207.39635	0.08789
1203.53885	0.08819
1199.68136	0.08852
1195.82386	0.08883
1191.96637	0.08917
1188.10887	0.08957
1184.25137	0.09004
1180.39388	0.09052
1176.53638	0.09099
1172.67888	0.09146
1168.82139	0.09188
1164.96389	0.09226
1161.10639	0.09267
1157.24890	0.09318
1153.39140	0.09366
1149.53391	0.09401
1145.67641	0.09430
1141.81891	0.09462
1137.96142	0.09507
1134.10392	0.09580
1130.24642	0.09694
1126.38893	0.09850
1122.53143	0.10024
1118.67394	0.10192
1114.81644	0.10337
1110.95894	0.10441
1107.10145	0.10495
1103.24395	0.10496
1099.38645	0.10450
1095.52896	0.10365
1091.67146	0.10260
1087.81396	0.10159
1083.95647	0.10080
1080.09897	0.10028
1076.24148	0.10000
1072.38398	0.09990
1068.52648	0.09989
1064.66899	0.09986
1060.81149	0.09982
1056.95399	0.09991
1053.09650	0.10017
1049.23900	0.10045
1045.38150	0.10070
1041.52401	0.10096
1037.66651	0.10136
1033.80902	0.10201
1029.95152	0.10272
1026.09402	0.10315
1022.23653	0.10333
1018.37903	0.10343
1014.52153	0.10354
1010.66404	0.10365
1006.80654	0.10376
1002.94905	0.10391
999.09155	0.10413
995.23405	0.10447
991.37656	0.10494
987.51906	0.10550
983.66156	0.10611
979.80407	0.10674
975.94657	0.10735
972.08907	0.10796
968.23158	0.10853
964.37408	0.10894
960.51659	0.10918
956.65909	0.10934
952.80159	0.10950
948.94410	0.10972
945.08660	0.10998
941.22910	0.11029
937.37161	0.11062
933.51411	0.11101
929.65662	0.11151
925.79912	0.11214
921.94162	0.11286
918.08413	0.11368
914.22663	0.11470
910.36913	0.11588
906.51164	0.11690
902.65414	0.11748
898.79664	0.11777
894.93915	0.11802
891.08165	0.11828
887.22416	0.11852
883.36666	0.11874
879.50916	0.11897
875.65167	0.11920
871.79417	0.11933
867.93667	0.11931
864.07918	0.11914
860.22168	0.11889
856.36418	0.11870
852.50669	0.11866
848.64919	0.11877
844.79170	0.11890
840.93420	0.11899
837.07670	0.11923
833.21921	0.11984
829.36171	0.12089
825.50421	0.12219
821.64672	0.12338
817.78922	0.12416
813.93173	0.12448
810.07423	0.12448
806.21673	0.12431
802.35924	0.12423
798.50174	0.12462
794.64424	0.12543
790.78675	0.12625
786.92925	0.12697
783.07175	0.12777
779.21426	0.12886
775.35676	0.13043
771.49927	0.13248
767.64177	0.13486
763.78427	0.13734
759.92678	0.13967
756.06928	0.14155
752.21178	0.14278
748.35429	0.14340
744.49679	0.14341
740.63930	0.14275
736.78180	0.14146
732.92430	0.13979
729.06681	0.13813
725.20931	0.13670
721.35181	0.13523
717.49432	0.13348
713.63682	0.13219
709.77932	0.13353
705.92183	0.14024
702.06433	0.15227
698.20684	0.16263
694.34934	0.16171
690.49184	0.15111
686.63435	0.14135
682.77685	0.13673
678.91935	0.13503
675.06186	0.13437
671.20436	0.13420
667.34686	0.13437
663.48937	0.13456
659.63187	0.13458
655.77438	0.13461
651.91688	0.13482
648.05938	0.13527
644.20189	0.13583
640.34439	0.13651
636.48689	0.13805
632.62940	0.14271
628.77190	0.15342
624.91441	0.16936
621.05691	0.18362
617.19941	0.19104
613.34192	0.19399
609.48442	0.19433
605.62692	0.19108
601.76943	0.18427
597.91193	0.17579
