3.159
3.162
3.165
3.169
3.172
3.176
3.179
3.183
3.186
3.19
3.193
3.197
3.2
3.204
3.207
3.211
3.214
3.218
3.221
3.225
3.229
3.232
3.236
3.239
3.243
3.247
3.25
3.254
3.258
3.261
3.265
3.269
3.272
3.276
3.28
3.283
3.287
3.291
3.294
3.298
3.302
3.306
3.309
3.313
3.317
3.321
3.325
3.328
3.332
3.336
3.34
3.344
3.347
3.351
3.355
3.359
3.363
3.367
3.371
3.375
3.379
3.383
3.387
3.391
3.395
3.399
3.403
3.407
3.411
3.415
3.419
3.423
3.427
3.431
3.435
3.439
3.443
3.447
3.451
3.455
3.459
3.463
3.467
3.472
3.476
3.48
3.484
3.488
3.492
3.497
3.501
3.505
3.509
3.514
3.518
3.523
3.527
3.531
3.536
3.54
3.544
3.549
3.553
3.557
3.562
3.566
3.57
3.575
3.579
3.584
3.588
3.592